


              H   G   F   E   D   C   B   A
             ___ ___ ___ ___ ___ ___ ___ ___
         1|    .   .   .   .   .   .   .   .
         2|  -28  -4 -10 -32 -38 -42 -23 -27     
 PAWN    3|  -23  -5 -18 -29 -36 -39 -21 -30           
         4|  -25  -8 -16 -17 -18 -30 -17 -20       
(delta   5|  -11   0 -13  -8 -17 -30  -6  -4             
 from    6|   16  33  23  22  29  33  38  32	           
 100)    7|   35  56  47  59  65  84  92  76	          
         8|    .   .   .   .   .   .   .   .       
                                     		         
         1|  -74 -16 -40 -36 -40 -52 -31 -79       
         2|  -31 -31 -15 -15 -15 -23 -34 -60       
KNIGHT   3|  -25  -4  -2  11   7  -6 -18 -31             
         4|   -3  23  21  19   9  15   5 -18       
(delta   5|   29  26  48  29  43  30  13   6                        
 from    6|   32  39  58  50  48  32  26   2	           
 250)    7|   15  13  40  49  33  31   3  -7	          
         8|  -83  13  13  27  12   2   0-105       
                                     		         
         1|  -33 -21 -16 -26 -22 -19 -14 -22       
         2|  -16   0  -4  -7 -15   0 -10  -7       
BISHOP   3|   -5  -2  -1   6   2   4   7  -5             
         4|   -5   5   0  16  20  10   8   3       
(delta   5|    9  -6  23  23  27  18   0  -2             
 from    6|   23  27  29  27  28  18  20   6	           
 275)    7|    4   4  18  12  11  14  13   2	          
         8|  -11   2  -5   5   3   1   0  -5                  
                                     		         
         1|  -43 -22 -32 -25 -21 -24 -30 -42       
         2|  -37 -26 -30 -30 -29 -28 -33 -41       
 ROOK    3|  -21  -8 -20 -23 -24 -21 -17 -26           
         4|   -8   3   0  -4  -2  -2  -1  -8       
(delta   5|   13  18  21  16  17  16  15  14             
 from    6|   25  32  34  31  30  30  28  23	                      
 435)    7|   28  33  35  34  36  35  29  27	          
         8|   29  23  24  26  28  25  24  21       
                                     		                    
         1|  -55 -83 -80 -51 -41 -62 -65 -44                             
         2|  -52 -60 -51 -38 -38 -46 -45 -45       
 QUEEN   3|  -16 -14 -26 -30 -38 -32 -45 -38            
         4|    1   3  -5 -10 -21 -22 -24 -41       
(delta   5|   30  42  29  22  15   1 -17 -29             
 from    6|   58  96  76  50  28  12   6 -19	                      
 850)    7|   86  60  61  43  32  24  -1 -13	          
         8|   73  55  52  46  33  22  14   3       
             
         1|  -22 -10 -38 -24 -39 -12   4  -1                
         2|  -20 -15 -21 -22 -20 -20 -13  -4     
 KING    3|  -26 -14 -12 -10 -12 -11  -9 -19           
         4|  -19  -2  -0  -2  -2  -0   1 -13     
         5|  -10   2   2  -2  -3   7   8  -5     
         6|   -6  27  13   2   6  14  23   1     
         7|   14  38  24  16  16  21  28   3     
         8|   -3  34  23  15  12   8  19  -5     







            H   G   F   E   D   C   B   A        H   G   F   E   D   C   B   A
                 --- --- --- --- --- --- --- ------ --- --- --- --- --- --- ---
       1|    .   .   .   .   .   .   .   .        .   .   .   .   .   .   .   .
  PAWN 2|   72  96  90  68  62  58  77  73      -28  -4 -10 -32 -38 -42 -23 -27
       3|   77  95  82  71  64  61  79  70      -23  -5 -18 -29 -36 -39 -21 -30 
       4|   75  92  84  83  82  70  83  80      -25  -8 -16 -17 -18 -30 -17 -20 
       5|   89 100  87  92  83  70  94  96      -11   0 -13  -8 -17 -30  -6  -4 (delta
       6|  116 133 123 122 129 133 138 132       16  33  23  22  29  33  38  32	 from 
       7|  135 156 147 159 165 184 192 176       35  56  47  59  65  84  92  76	 100)
       8|    .   .   .   .   .   .   .   .        .   .   .   .   .   .   .   .
                                                                        
       1|  176 234 210 214 210 198 219 171      -74 -16 -40 -36 -40 -52 -31 -79
KNIGHT 2|  219 219 235 235 235 227 216 190      -31 -31 -15 -15 -15 -23 -34 -60
       3|  225 246 248 261 257 244 232 219      -25  -4  -2  11   7  -6 -18 -31 
       4|  247 273 271 269 259 265 255 232       -3  23  21  19   9  15   5 -18 
       5|  279 276 298 279 293 280 263 256       29  26  48  29  43  30  13   6 (delta
       6|  282 289 308 300 298 282 276 252       32  39  58  50  48  32  26   2	 from 
       7|  265 263 290 299 283 281 253 243       15  13  40  49  33  31   3  -7	 250)
       8|  167 263 263 277 262 252 250 145      -83  13  13  27  12   2   0-105
                                                                        
       1|  242 254 259 249 253 256 261 253      -33 -21 -16 -26 -22 -19 -14 -22
BISHOP 2|  259 275 271 268 260 275 265 268      -16   0  -4  -7 -15   0 -10  -7
       3|  270 273 274 281 277 279 282 270       -5  -2  -1   6   2   4   7  -5 
       4|  270 280 275 291 295 285 283 278       -5   5   0  16  20  10   8   3 
       5|  284 269 298 298 302 293 275 273        9  -6  23  23  27  18   0  -2 (delta
       6|  298 302 304 302 303 293 295 281       23  27  29  27  28  18  20   6	 from 
       7|  279 279 293 287 286 289 288 277        4   4  18  12  11  14  13   2	 275)
       8|  264 277 270 280 278 276 275 270      -11   2  -5   5   3   1   0  -5
                                                                        
       1|  392 413 403 410 414 411 405 393      -43 -22 -32 -25 -21 -24 -30 -42
  ROOK 2|  398 409 405 405 406 407 402 394      -37 -26 -30 -30 -29 -28 -33 -41
       3|  414 427 415 412 411 414 418 409      -21  -8 -20 -23 -24 -21 -17 -26 
       4|  427 438 435 431 433 433 434 427       -8   3   0  -4  -2  -2  -1  -8 
       5|  448 453 456 451 452 451 450 449       13  18  21  16  17  16  15  14 (delta
       6|  460 467 469 466 465 465 463 458       25  32  34  31  30  30  28  23	 from 
       7|  463 468 470 469 471 470 464 462       28  33  35  34  36  35  29  27	 435)
       8|  464 458 459 461 463 460 459 456       29  23  24  26  28  25  24  21
                                                                        
       1|  795 767 770 799 809 788 785 806      -55 -83 -80 -51 -41 -62 -65 -44
 QUEEN 2|  798 790 799 812 812 804 805 805      -52 -60 -51 -38 -38 -46 -45 -45 
       3|  834 836 824 820 812 818 805 812      -16 -14 -26 -30 -38 -32 -45 -38 
       4|  851 853 845 840 829 828 826 809        1   3  -5 -10 -21 -22 -24 -41 
       5|  880 892 879 872 865 851 833 821       30  42  29  22  15   1 -17 -29	(delta
       6|  908 946 926 900 878 862 856 831       58  96  76  50  28  12   6 -19	 from 
       7|  936 910 911 893 882 874 849 837       86  60  61  43  32  24  -1 -13	 850)
       8|  923 905 902 896 883 872 864 853       73  55  52  46  33  22  14   3
      
       1|  -22 -10 -38 -24 -39 -12   4  -1
  KING 2|  -20 -15 -21 -22 -20 -20 -13  -4
       3|  -26 -14 -12 -10 -12 -11  -9 -19
       4|  -19  -2  -0  -2  -2  -0   1 -13
       5|  -10   2   2  -2  -3   7   8  -5
       6|   -6  27  13   2   6  14  23   1
       7|   14  38  24  16  16  21  28   3
       8|   -3  34  23  15  12   8  19  -5

	
  .   .   .   .   .   .   .   .
-28  -4 -10 -32 -38 -42 -23 -27
-23  -5 -18 -29 -36 -39 -21 -30
-25  -8 -16 -17 -18 -30 -17 -20
-11   0 -13  -8 -17 -30  -6  -4
 16  33  23  22  29  33  38  32
 35  56  47  59  65  84  92  76
  .   .   .   .   .   .   .   .
                            
-74 -16 -40 -36 -40 -52 -31 -79
-31 -31 -15 -15 -15 -23 -34 -60
-25  -4  -2  11   7  -6 -18 -31
 -3  23  21  19   9  15  5  -18
 29  26  48  29  43  30  13   6
 32  39  58  50  48  32  26   2
 15  13  40  49  33  31  3   -7
-83  13  13  27  12  2   0 -105
                            
-33 -21 -16 -26 -22 -19 -14 -22
-16   0  -4  -7 -15   0 -10  -7
 -5  -2  -1   6   2   4   7  -5
 -5   5   0  16  20  10   8   3
  9  -6  23  23  27  18   0  -2
 23  27  29  27  28  18  20   6
  4   4  18  12  11  14  13   2
-11   2  -5   5   3   1   0  -5
                            
-43 -22 -32 -25 -21 -24 -30 -42
-37 -26 -30 -30 -29 -28 -33 -41
-21  -8 -20 -23 -24 -21 -17 -26
 -8   3   0  -4  -2  -2  -1  -8
 13  18  21  16  17  16  15  14
 25  32  34  31  30  30  28  23
 28  33  35  34  36  35  29  27
 29  23  24  26  28  25  24  21
                            
-55 -83 -80 -51 -41 -62 -65 -44
-52 -60 -51 -38 -38 -46 -45 -45
-16 -14 -26 -30 -38 -32 -45 -38
  1   3  -5 -10 -21 -22 -24 -41
 30  42  29  22  15   1 -17 -29
 58  96  76  50  28  12   6 -19
 86  60  61  43  32  24  -1 -13
 73  55  52  46  33  22  14   3









            if( LANES == 1 )
            {
                f->childSpec[0] = this->ChooseNextMove( f );
                f->childPos[0] = f->pos;
                f->childPos[0].Step( f->childSpec[0], whiteMat, blackMat );
                f->pos.CalcMoveMap( &f->childMoveMap[0] );
                f->childScore[0] = mEvaluator->Evaluate< POPCNT, SIMD >( f->pos, *f->childMoveMap[0], mWeights );

                f->simdIdx = 0;
            }
            else
            {


b1c3 -74
h2h3 -21
g2g3 -69
f2f3 -50
e2e3 -65
d2d3 -61
c2c3 -62
b2b3 -69
a2a3 -21
h2h4 -3
g2g4 -41
f2f4 -22
e2e4 -43
d2d4 -38
c2c4 -34
b2b4 -41
a2a4 -3
g1f3 -74
b1a3 -25
g1h3 -25
















